-1
-1
-1
-1
-1
-1
-1
-1
-1
-1
-1
-1
-1
-1
-1
-1
-1
-1
-1
-1
-1
-1
-1
-1
-1
-1
-1
-1
-1
-1
1979
1976
-1
-1
2205
-1
-1
-1
-1
-1
-1
-1
-1
-1
-1
-1
-1
-1
-1
-1
-1
-1
-1
-1
-1
1983
-1
-1
-1
1977
-1
1975
1972
2016
-1
-1
-1
-1
-1
-1
-1
-1
-1
-1
-1
-1
-1
1966
2205
-1
-1
2206
-1
-1
-1
1972
-1
-1
-1
-1
-1
-1
-1
-1
-1
-1
-1
-1
-1
-1
-1
-1
-1
-1
-1
-1
-1
-1
-1
1983
-1
1967
-1
-1
-1
-1
-1
-1
1976
-1
1972
1973
-1
-1
-1
-1
-1
2016
1968
-1
-1
1983
-1
-1
-1
1969
2207
2205
-1
1974
-1
-1
-1
-1
-1
1979
-1
2205
1968
1977
-1
-1
-1
2016
-1
-1
-1
-1
-1
1964
-1
1983
1976
1979
1966
-1
2016
-1
-1
-1
1983
2205
-1
-1
-1
-1
-1
-1
-1
-1
-1
-1
-1
1967
-1
-1
-1
1969
2205
2205
-1
-1
-1
-1
-1
-1
-1
-1
-1
-1
-1
-1
-1
-1
-1
-1
-1
-1
-1
-1
-1
-1
-1
-1
-1
-1
1963
-1
-1
-1
-1
-1
-1
-1
1533
-1
2016
1977
1983
1975
1967
2205
1998
2205
1998
-1
-1
-1
1975
1963
1967
-1
-1
-1
1964
-1
-1
-1
-1
-1
2016
-1
1971
1962
-1
1983
-1
1997
-1
1976
-1
-1
1967
-1
1962
-1
-1
1997
2206
1983
-1
1980
-1
1966
-1
-1
1979
1970
1967
2204
1980
-1
1971
1971
-1
1977
1969
-1
-1
1981
1972
1978
-1
-1
-1
-1
-1
-1
-1
1533
1966
-1
-1
-1
2204
1976
1978
1983
2205
-1
-1
-1
-1
-1
1976
1997
1966
-1
1967
-1
1962
-1
-1
-1
1980
-1
-1
-1
-1
-1
-1
-1
1989
-1
-1
-1
1981
-1
-1
-1
1983
-1
-1
-1
1978
-1
-1
-1
1979
-1
-1
-1
1997
-1
-1
-1
1966
-1
-1
-1
1962
-1
-1
-1
1990
-1
-1
-1
2204
-1
-1
-1
1990
-1
-1
-1
1963
-1
-1
-1
1989
-1
-1
-1
1990
-1
-1
-1
1973
-1
-1
-1
2204
-1
-1
-1
2205
-1
-1
-1
1991
-1
-1
-1
1968
-1
-1
-1
1991
-1
-1
-1
1997
-1
-1
-1
1991
-1
-1
-1
1988
-1
-1
-1
1990
-1
-1
-1
2204
-1
-1
-1
1992
-1
-1
-1
1992
-1
-1
-1
2204
-1
-1
-1
2204
-1
-1
-1
1989
-1
-1
-1
1989
-1
-1
-1
1992
-1
-1
-1
1993
-1
-1
-1
1993
-1
-1
-1
1991
-1
-1
-1
1992
-1
-1
-1
1991
-1
-1
-1
1993
-1
-1
-1
1990
-1
-1
-1
1993
-1
-1
-1
2016
-1
-1
-1
1990
-1
-1
-1
2204
-1
-1
-1
1990
-1
-1
-1
1990
-1
-1
-1
1994
-1
-1
-1
1993
-1
-1
-1
1994
-1
-1
-1
1995
-1
-1
-1
1994
-1
-1
-1
1995
-1
-1
-1
1993
-1
-1
-1
1994
-1
-1
-1
1980
-1
-1
-1
1991
-1
-1
-1
1991
-1
-1
-1
1994
-1
-1
-1
1996
-1
-1
-1
1979
-1
-1
-1
1965
-1
-1
-1
1991
-1
1996
1997
1993
1996
-1
-1
-1
-1
-1
-1
-1
-1
-1
1992
-1
-1
-1
1989
-1
-1
-1
1996
1995
-1
-1
-1
-1
-1
-1
1995
1997
1997
1995
-1
-1
1992
1980
1989
-1
-1
-1
-1
-1
-1
-1
-1
-1
-1
-1
-1
-1
-1
-1
-1
-1
1971
1989
-1
1983
-1
-1
-1
-1
-1
-1
-1
-1
-1
-1
-1
-1
-1
-1
-1
-1
-1
-1
-1
1996
1996
2203
-1
-1
-1
-1
-1
-1
-1
-1
-1
-1
-1
1979
-1
1996
-1
-1
-1
1979
-1
-1
-1
-1
-1
1964
1997
-1
-1
-1
-1
-1
-1
-1
1971
-1
-1
-1
1994
-1
-1
1994
-1
-1
-1
-1
-1
1989
-1
-1
-1
-1
1997
1997
-1
1979
-1
-1
-1
-1
-1
-1
-1
1977
1983
2203
1975
-1
-1
-1
-1
-1
-1
1966
-1
-1
-1
1968
-1
-1
-1
-1
-1
-1
-1
-1
-1
-1
-1
1963
-1
2204
1989
-1
-1
-1
-1
-1
-1
-1
-1
-1
-1
-1
-1
-1
-1
-1
-1
-1
-1
-1
-1
-1
-1
-1
-1
2204
-1
-1
-1
1997
-1
-1
-1
-1
-1
-1
-1
2208
-1
-1
-1
-1
-1
1996
2208
1966
-1
-1
-1
-1
1992
1989
-1
-1
-1
-1
-1
-1
-1
1865
-1
-1
1979
1968
-1
-1
-1
1963
-1
-1
-1
2204
-1
1980
1973
1980
-1
2203
1969
2208
1995
1994
1997
1989
1980
-1
2208
1977
-1
-1
1980
-1
-1
-1
2204
1995
-1
-1
-1
-1
-1
1962
-1
1979
1968
-1
2204
1970
-1
-1
-1
1988
-1
-1
-1
1973
1865
1980
-1
-1
-1
-1
-1
-1
-1
1979
-1
-1
2204
2208
-1
-1
-1
-1
-1
2204
2204
1989
-1
-1
-1
-1
-1
1989
-1
-1
-1
1997
1993
1997
-1
2204
-1
-1
-1
-1
1992
1989
2204
-1
1970
-1
-1
1962
-1
-1
-1
-1
-1
-1
1976
-1
2208
2204
-1
-1
-1
-1
1980
-1
-1
2204
1968
-1
-1
-1
-1
-1
-1
-1
-1
-1
-1
-1
-1
-1
-1
-1
-1
-1
1967
1973
-1
1983
-1
-1
1970
2203
-1
1979
-1
-1
-1
-1
-1
2016
1969
-1
-1
-1
-1
-1
-1
-1
-1
-1
-1
-1
2208
-1
2204
1997
1548
2209
-1
-1
-1
1967
-1
-1
1983
-1
-1
-1
-1
-1
-1
2208
1998
-1
2208
1544
-1
-1
-1
-1
-1
-1
2205
-1
-1
-1
-1
-1
-1
-1
2209
1533
-1
-1
-1
-1
-1
-1
-1
-1
1989
1974
-1
-1
-1
-1
-1
-1
-1
-1
-1
-1
-1
-1
-1
-1
-1
-1
-1
1980
-1
-1
-1
-1
-1
-1
-1
-1
-1
-1
-1
-1
-1
2208
-1
-1
-1
-1
-1
-1
-1
-1
-1
-1
-1
-1
-1
-1
1976
-1
-1
1976
-1
-1
-1
-1
-1
-1
-1
1964
2203
-1
1988
-1
-1
-1
-1
-1
-1
-1
-1
-1
-1
-1
-1
-1
-1
-1
1981
-1
1533
-1
-1
-1
1968
1548
-1
-1
-1
-1
-1
1976
-1
1980
-1
-1
-1
2016
-1
-1
-1
-1
-1
1533
-1
-1
-1
2213
2205
-1
-1
-1
-1
2205
-1
-1
-1
-1
2205
1979
-1
-1
-1
1989
-1
-1
-1
-1
-1
-1
2204
-1
-1
1966
-1
1984
-1
-1
-1
-1
1998
2208
2016
1969
-1
-1
2204
1963
-1
1968
-1
2205
1978
-1
-1
-1
-1
-1
-1
1984
1968
-1
-1
-1
-1
-1
1967
-1
-1
-1
1989
1962
-1
-1
-1
-1
-1
-1
1966
-1
-1
-1
-1
-1
-1
-1
-1
2205
-1
1980
1972
-1
1977
-1
-1
-1
1968
-1
-1
-1
-1
1995
2207
1978
2204
2016
1983
1979
2198
1975
-1
-1
1979
-1
-1
-1
-1
-1
-1
-1
1963
-1
-1
-1
2199
1983
1977
1964
-1
-1
-1
-1
-1
-1
-1
-1
-1
-1
-1
-1
-1
-1
-1
-1
-1
-1
-1
-1
-1
-1
-1
-1
-1
-1
-1
-1
-1
-1
-1
-1
-1
-1
-1
-1
-1
-1
-1
-1
1976
1974
-1
1983
-1
-1
-1
1998
1533
1967
-1
1974
-1
1861
2205
-1
1963
-1
-1
-1
-1
1979
-1
-1
-1
1861
1972
-1
-1
-1
-1
-1
2198
-1
-1
-1
-1
-1
2203
2205
-1
-1
2198
-1
2205
2205
-1
2203
1861
-1
-1
-1
2204
1861
1875
-1
-1
-1
-1
-1
-1
-1
-1
-1
-1
-1
1862
1530
-1
-1
-1
-1
-1
-1
1962
-1
-1
-1
-1
-1
-1
-1
-1
-1
2197
-1
-1
-1
-1
2204
-1
-1
-1
-1
-1
-1
1876
-1
-1
2198
2197
1973
-1
-1
-1
-1
2197
-1
2203
-1
-1
-1
-1
-1
-1
-1
-1
-1
-1
-1
-1
-1
-1
-1
-1
-1
-1
-1
-1
-1
-1
-1
-1
-1
-1
-1
-1
2197
-1
-1
-1
-1
-1
-1
-1
-1
-1
2197
-1
-1
1979
-1
-1
-1
-1
-1
-1
-1
-1
1962
-1
-1
-1
-1
-1
-1
-1
-1
1989
2198
-1
-1
-1
-1
-1
-1
-1
-1
-1
-1
1862
-1
-1
-1
-1
-1
-1
-1
-1
-1
2198
-1
-1
-1
-1
-1
-1
-1
-1
-1
-1
-1
-1
-1
-1
-1
-1
-1
-1
-1
-1
-1
-1
-1
-1
-1
-1
-1
-1
-1
-1
-1
-1
-1
-1
-1
-1
-1
-1
-1
-1
-1
-1
-1
-1
-1
-1
-1
-1
-1
-1
-1
-1
-1
-1
-1
-1
-1
-1
-1
-1
-1
-1
-1
-1
-1
-1
-1
-1
-1
-1
-1
-1
-1
-1
-1
-1
-1
-1
-1
-1
-1
-1
-1
-1
-1
-1
-1
-1
-1
-1
-1
-1
-1
-1
-1
-1
-1
-1
-1
-1
-1
-1
-1
-1
-1
-1
-1
-1
-1
-1
-1
-1
-1
-1
-1
-1
-1
-1
-1
-1
-1
-1
-1
-1
-1
-1
-1
-1
-1
-1
-1
-1
-1
-1
-1
-1
-1
-1
-1
-1
-1
-1
-1
-1
-1
-1
-1
-1
-1
-1
-1
-1
-1
-1
-1
-1
-1
-1
-1
-1
-1
-1
-1
-1
-1
-1
-1
-1
-1
-1
-1
-1
-1
-1
-1
-1
-1
-1
-1
-1
-1
-1
-1
-1
-1
-1
-1
-1
-1
-1
-1
-1
-1
-1
-1
-1
-1
-1
-1
-1
-1
-1
-1
-1
-1
-1
-1
-1
-1
-1
-1
-1
-1
-1
-1
-1
-1
-1
-1
-1
-1
-1
-1
-1
-1
-1
-1
-1
-1
-1
-1
-1
-1
-1
-1
-1
-1
-1
-1
-1
-1
-1
-1
-1
-1
-1
-1
-1
-1
-1
-1
-1
-1
-1
-1
-1
-1
-1
-1
-1
-1
-1
1975
-1
-1
-1
-1
-1
-1
-1
-1
1976
-1
-1
-1
-1
-1
1861
1876
1967
-1
-1
-1
-1
-1
-1
1964
-1
-1
-1
-1
-1
-1
-1
-1
-1
-1
-1
-1
-1
-1
-1
-1
-1
-1
-1
-1
-1
-1
-1
1533
-1
-1
-1
1970
-1
-1
-1
1875
-1
-1
-1
1861
-1
1983
-1
2198
-1
1530
-1
1994
-1
-1
-1
-1
-1
-1
-1
2204
-1
2204
1861
-1
2198
1965
-1
-1
-1
2198
1965
-1
2198
-1
-1
-1
-1
-1
2240
-1
-1
1965
-1
-1
-1
2199
1966
2198
-1
-1
2198
1977
-1
1964
-1
-1
1979
1861
-1
-1
-1
-1
-1
-1
-1
-1
-1
-1
-1
1968
1962
-1
-1
-1
2205
-1
-1
-1
1980
1969
-1
1975
1861
-1
-1
2204
-1
-1
-1
-1
-1
-1
-1
1971
-1
2197
1862
2205
2198
-1
2205
-1
1981
-1
-1
1966
1973
-1
1972
-1
-1
1979
-1
-1
-1
2205
-1
1979
-1
1977
2197
1864
-1
-1
-1
-1
-1
1846
-1
-1
-1
-1
-1
-1
-1
-1
1963
-1
1861
-1
-1
1861
-1
1968
1976
-1
1972
-1
-1
-1
-1
1859
-1
-1
-1
1861
-1
1968
-1
-1
-1
-1
1859
-1
-1
-1
-1
-1
-1
-1
-1
1970
2197
-1
-1
-1
2205
-1
1863
1859
1862
-1
-1
1984
1965
-1
-1
-1
1531
1864
-1
-1
-1
-1
-1
-1
-1
-1
-1
-1
-1
-1
-1
-1
-1
-1
-1
-1
-1
-1
2205
1981
-1
-1
-1
-1
-1
-1
-1
-1
-1
-1
-1
-1
-1
-1
-1
-1
-1
-1
-1
-1
-1
-1
-1
-1
-1
-1
-1
-1
-1
2205
-1
-1
1861
2197
1965
-1
-1
-1
1863
-1
2205
-1
-1
1963
